(5777.9, 1, [[52]])
(5063.2, 2, [[75, 74]])
(4402.4, 3, [[79, 74, 38]])
(3756.6, 4, [[79, 74, 38, 7]])
(3445.3, 5, [[110, 75, 74, 38, 7]])
(7564.7, 1, [[58]])
(6382.5, 2, [[58, 36]])
(5620.4, 3, [[58, 36, 20]])
(5079.6, 4, [[67, 37, 36, 20]])
(4722.2, 5, [[67, 66, 37, 36, 20]])
(7564.7, 1, [[58]])
(6382.5, 2, [[58, 36]])
(5620.4, 3, [[58, 36, 20]])
(5079.6, 4, [[67, 37, 36, 20]])
(4722.2, 5, [[67, 66, 37, 36, 20]])
(4408.0, 6, [[67, 66, 37, 36, 20, 8]])
(4233.1, 7, [[67, 66, 37, 36, 21, 20, 8]])
(4060.7, 8, [[67, 66, 46, 37, 36, 21, 20, 8]])
(3939.4, 9, [[67, 66, 58, 46, 37, 36, 21, 20, 8]])
(3833.0, 10, [[67, 66, 58, 46, 37, 36, 21, 20, 18, 8]])
(7564.7, 1, [[58]])
(6382.5, 2, [[58, 36]])
(5620.4, 3, [[58, 36, 20]])
(5079.6, 4, [[67, 37, 36, 20]])
(4722.2, 5, [[67, 66, 37, 36, 20]])
(4408.0, 6, [[67, 66, 37, 36, 20, 8]])
(7564.7, 1, [[58]])
(6382.5, 2, [[58, 36]])
(5620.4, 3, [[58, 36, 20]])
(5079.6, 4, [[67, 37, 36, 20]])
(4722.2, 5, [[67, 66, 37, 36, 20]])
(4408.0, 6, [[67, 66, 37, 36, 20, 8]])
(4233.1, 7, [[67, 66, 37, 36, 21, 20, 8]])
(4060.7, 8, [[67, 66, 46, 37, 36, 21, 20, 8]])
(3939.4, 9, [[67, 66, 58, 46, 37, 36, 21, 20, 8]])
(3833.0, 10, [[67, 66, 58, 46, 37, 36, 21, 20, 18, 8]])
(3833.0, 10, [[67, 66, 58, 46, 37, 36, 21, 20, 18, 8]])
(3833.5, 10, [[67, 66, 58, 46, 37, 36, 21, 20, 8, 6]])
(3833.0, 10, [[67, 66, 58, 46, 37, 36, 21, 20, 18, 8]])
(7143.1, 1, [[15]])
(5881.9, 2, [[15, 6]])
(5054.6, 3, [[37, 15, 6]])
(4350.6, 4, [[43, 37, 15, 6]])
(3999.3, 5, [[43, 42, 37, 15, 6]])
(3864.5, 6, [[43, 42, 37, 15, 6, 2]])
(3747.5, 7, [[43, 42, 37, 15, 7, 6, 2]])
(3662.8, 8, [[60, 43, 42, 37, 15, 7, 6, 2]])
(3584.1, 9, [[60, 59, 43, 42, 37, 15, 7, 6, 2]])
(3516.8, 10, [[60, 59, 45, 43, 42, 37, 15, 7, 6, 2]])
(3450.8, 11, [[60, 59, 43, 42, 37, 15, 7, 6, 4, 3, 2]])
(3383.5, 12, [[60, 59, 45, 43, 42, 37, 15, 7, 6, 4, 3, 2]])
(3333.0, 13, [[60, 59, 45, 43, 42, 37, 15, 12, 7, 6, 4, 3, 2]])
(3271.9, 14, [[60, 59, 45, 43, 42, 37, 15, 8, 7, 6, 5, 4, 3, 2]])
(3221.4, 15, [[60, 59, 45, 43, 42, 37, 15, 12, 8, 7, 6, 5, 4, 3, 2]])
(3180.4, 16, [[60, 59, 45, 43, 42, 37, 32, 15, 12, 8, 7, 6, 5, 4, 3, 2]])
(3144.1, 17, [[60, 59, 45, 43, 42, 37, 32, 15, 13, 12, 8, 7, 6, 5, 4, 3, 2]])
(3124.8, 18, [[60, 59, 45, 43, 42, 37, 32, 15, 13, 12, 9, 8, 7, 6, 5, 4, 3, 2]])
(3109.4, 19, [[60, 59, 45, 43, 42, 37, 32, 27, 15, 13, 12, 9, 8, 7, 6, 5, 4, 3, 2]])
(3064.3, 20, [[60, 59, 45, 43, 42, 37, 15, 14, 13, 12, 11, 10, 9, 8, 7, 6, 5, 4, 3, 2]])
(3023.3, 21, [[60, 59, 45, 43, 42, 37, 32, 15, 14, 13, 12, 11, 10, 9, 8, 7, 6, 5, 4, 3, 2]])
(3008.0, 22, [[60, 59, 45, 43, 42, 37, 32, 27, 15, 14, 13, 12, 11, 10, 9, 8, 7, 6, 5, 4, 3, 2]])
(3000.7, 23, [[60, 59, 45, 43, 42, 37, 32, 27, 19, 15, 14, 13, 12, 11, 10, 9, 8, 7, 6, 5, 4, 3, 2]])
(2998.3, 24, [[60, 59, 45, 43, 42, 37, 32, 27, 21, 19, 15, 14, 13, 12, 11, 10, 9, 8, 7, 6, 5, 4, 3, 2], [60, 59, 45, 43, 42, 37, 32, 27, 19, 16, 15, 14, 13, 12, 11, 10, 9, 8, 7, 6, 5, 4, 3, 2]])
(2944.8, 25, [[60, 59, 45, 43, 42, 37, 20, 19, 18, 17, 16, 15, 14, 13, 12, 11, 10, 9, 8, 7, 6, 5, 4, 3, 2]])
(2903.8, 26, [[60, 59, 45, 43, 42, 37, 32, 20, 19, 18, 17, 16, 15, 14, 13, 12, 11, 10, 9, 8, 7, 6, 5, 4, 3, 2]])
(2888.5, 27, [[60, 59, 45, 43, 42, 37, 32, 27, 20, 19, 18, 17, 16, 15, 14, 13, 12, 11, 10, 9, 8, 7, 6, 5, 4, 3, 2]])
(2886.0, 28, [[60, 59, 45, 43, 42, 37, 32, 27, 21, 20, 19, 18, 17, 16, 15, 14, 13, 12, 11, 10, 9, 8, 7, 6, 5, 4, 3, 2]])
(2829.9, 29, [[60, 59, 45, 43, 42, 37, 24, 23, 22, 21, 20, 19, 18, 17, 16, 15, 14, 13, 12, 11, 10, 9, 8, 7, 6, 5, 4, 3, 2]])
(2784.5, 30, [[60, 59, 43, 42, 37, 26, 25, 24, 23, 22, 21, 20, 19, 18, 17, 16, 15, 14, 13, 12, 11, 10, 9, 8, 7, 6, 5, 4, 3, 2]])
(2717.3, 31, [[60, 59, 45, 43, 42, 37, 26, 25, 24, 23, 22, 21, 20, 19, 18, 17, 16, 15, 14, 13, 12, 11, 10, 9, 8, 7, 6, 5, 4, 3, 2]])
(2681.5, 32, [[60, 59, 43, 42, 37, 28, 27, 26, 25, 24, 23, 22, 21, 20, 19, 18, 17, 16, 15, 14, 13, 12, 11, 10, 9, 8, 7, 6, 5, 4, 3, 2]])
(2614.2, 33, [[60, 59, 45, 43, 42, 37, 28, 27, 26, 25, 24, 23, 22, 21, 20, 19, 18, 17, 16, 15, 14, 13, 12, 11, 10, 9, 8, 7, 6, 5, 4, 3, 2]])
(2575.1, 34, [[60, 43, 42, 37, 31, 30, 29, 28, 27, 26, 25, 24, 23, 22, 21, 20, 19, 18, 17, 16, 15, 14, 13, 12, 11, 10, 9, 8, 7, 6, 5, 4, 3, 2]])
(2496.3, 35, [[60, 59, 43, 42, 37, 31, 30, 29, 28, 27, 26, 25, 24, 23, 22, 21, 20, 19, 18, 17, 16, 15, 14, 13, 12, 11, 10, 9, 8, 7, 6, 5, 4, 3, 2]])
(2429.0, 36, [[60, 59, 45, 43, 42, 37, 31, 30, 29, 28, 27, 26, 25, 24, 23, 22, 21, 20, 19, 18, 17, 16, 15, 14, 13, 12, 11, 10, 9, 8, 7, 6, 5, 4, 3, 2]])
(2387.2, 37, [[60, 59, 43, 42, 37, 33, 32, 31, 30, 29, 28, 27, 26, 25, 24, 23, 22, 21, 20, 19, 18, 17, 16, 15, 14, 13, 12, 11, 10, 9, 8, 7, 6, 5, 4, 3, 2]])
(2320.0, 38, [[60, 59, 45, 43, 42, 37, 33, 32, 31, 30, 29, 28, 27, 26, 25, 24, 23, 22, 21, 20, 19, 18, 17, 16, 15, 14, 13, 12, 11, 10, 9, 8, 7, 6, 5, 4, 3, 2]])
(2297.3, 39, [[60, 59, 43, 42, 37, 35, 34, 33, 32, 31, 30, 29, 28, 27, 26, 25, 24, 23, 22, 21, 20, 19, 18, 17, 16, 15, 14, 13, 12, 11, 10, 9, 8, 7, 6, 5, 4, 3, 2]])
(2230.0, 40, [[60, 59, 45, 43, 42, 37, 35, 34, 33, 32, 31, 30, 29, 28, 27, 26, 25, 24, 23, 22, 21, 20, 19, 18, 17, 16, 15, 14, 13, 12, 11, 10, 9, 8, 7, 6, 5, 4, 3, 2]])
(2229.3, 41, [[60, 59, 45, 43, 42, 37, 36, 35, 34, 33, 32, 31, 30, 29, 28, 27, 26, 25, 24, 23, 22, 21, 20, 19, 18, 17, 16, 15, 14, 13, 12, 11, 10, 9, 8, 7, 6, 5, 4, 3, 2]])
(2208.5, 42, [[60, 59, 45, 43, 42, 38, 37, 36, 35, 34, 33, 32, 31, 30, 29, 28, 27, 26, 25, 24, 23, 22, 21, 20, 19, 18, 17, 16, 15, 14, 13, 12, 11, 10, 9, 8, 7, 6, 5, 4, 3, 2]])
(2190.1, 43, [[60, 59, 45, 43, 42, 39, 38, 37, 36, 35, 34, 33, 32, 31, 30, 29, 28, 27, 26, 25, 24, 23, 22, 21, 20, 19, 18, 17, 16, 15, 14, 13, 12, 11, 10, 9, 8, 7, 6, 5, 4, 3, 2]])
(2179.8, 44, [[60, 59, 45, 43, 42, 40, 39, 38, 37, 36, 35, 34, 33, 32, 31, 30, 29, 28, 27, 26, 25, 24, 23, 22, 21, 20, 19, 18, 17, 16, 15, 14, 13, 12, 11, 10, 9, 8, 7, 6, 5, 4, 3, 2]])
(2161.7, 45, [[60, 59, 45, 43, 42, 41, 40, 39, 38, 37, 36, 35, 34, 33, 32, 31, 30, 29, 28, 27, 26, 25, 24, 23, 22, 21, 20, 19, 18, 17, 16, 15, 14, 13, 12, 11, 10, 9, 8, 7, 6, 5, 4, 3, 2]])
(2139.0, 46, [[60, 59, 47, 45, 43, 42, 41, 40, 39, 38, 37, 36, 35, 34, 33, 32, 31, 30, 29, 28, 27, 26, 25, 24, 23, 22, 21, 20, 19, 18, 17, 16, 15, 14, 13, 12, 11, 10, 9, 8, 7, 6, 5, 4, 3, 2]])
(2111.8, 47, [[60, 59, 46, 45, 44, 43, 42, 41, 40, 39, 38, 37, 36, 35, 34, 33, 32, 31, 30, 29, 28, 27, 26, 25, 24, 23, 22, 21, 20, 19, 18, 17, 16, 15, 14, 13, 12, 11, 10, 9, 8, 7, 6, 5, 4, 3, 2]])
(2089.0, 48, [[60, 59, 47, 46, 45, 44, 43, 42, 41, 40, 39, 38, 37, 36, 35, 34, 33, 32, 31, 30, 29, 28, 27, 26, 25, 24, 23, 22, 21, 20, 19, 18, 17, 16, 15, 14, 13, 12, 11, 10, 9, 8, 7, 6, 5, 4, 3, 2]])
(2070.9, 49, [[60, 59, 48, 47, 46, 45, 44, 43, 42, 41, 40, 39, 38, 37, 36, 35, 34, 33, 32, 31, 30, 29, 28, 27, 26, 25, 24, 23, 22, 21, 20, 19, 18, 17, 16, 15, 14, 13, 12, 11, 10, 9, 8, 7, 6, 5, 4, 3, 2]])
(2061.2, 50, [[60, 59, 50, 48, 47, 46, 45, 44, 43, 42, 41, 40, 39, 38, 37, 36, 35, 34, 33, 32, 31, 30, 29, 28, 27, 26, 25, 24, 23, 22, 21, 20, 19, 18, 17, 16, 15, 14, 13, 12, 11, 10, 9, 8, 7, 6, 5, 4, 3, 2]])
(2056.6, 51, [[60, 59, 50, 49, 48, 47, 46, 45, 44, 43, 42, 41, 40, 39, 38, 37, 36, 35, 34, 33, 32, 31, 30, 29, 28, 27, 26, 25, 24, 23, 22, 21, 20, 19, 18, 17, 16, 15, 14, 13, 12, 11, 10, 9, 8, 7, 6, 5, 4, 3, 2]])
(2049.5, 52, [[60, 59, 51, 50, 49, 48, 47, 46, 45, 44, 43, 42, 41, 40, 39, 38, 37, 36, 35, 34, 33, 32, 31, 30, 29, 28, 27, 26, 25, 24, 23, 22, 21, 20, 19, 18, 17, 16, 15, 14, 13, 12, 11, 10, 9, 8, 7, 6, 5, 4, 3, 2]])
(2009.7, 53, [[60, 59, 52, 51, 50, 49, 48, 47, 46, 45, 44, 43, 42, 41, 40, 39, 38, 37, 36, 35, 34, 33, 32, 31, 30, 29, 28, 27, 26, 25, 24, 23, 22, 21, 20, 19, 18, 17, 16, 15, 14, 13, 12, 11, 10, 9, 8, 7, 6, 5, 4, 3, 2]])
(1997.6, 54, [[60, 59, 53, 52, 51, 50, 49, 48, 47, 46, 45, 44, 43, 42, 41, 40, 39, 38, 37, 36, 35, 34, 33, 32, 31, 30, 29, 28, 27, 26, 25, 24, 23, 22, 21, 20, 19, 18, 17, 16, 15, 14, 13, 12, 11, 10, 9, 8, 7, 6, 5, 4, 3, 2]])
(1991.5, 55, [[60, 59, 54, 53, 52, 51, 50, 49, 48, 47, 46, 45, 44, 43, 42, 41, 40, 39, 38, 37, 36, 35, 34, 33, 32, 31, 30, 29, 28, 27, 26, 25, 24, 23, 22, 21, 20, 19, 18, 17, 16, 15, 14, 13, 12, 11, 10, 9, 8, 7, 6, 5, 4, 3, 2]])
(1990.9, 56, [[60, 59, 55, 54, 53, 52, 51, 50, 49, 48, 47, 46, 45, 44, 43, 42, 41, 40, 39, 38, 37, 36, 35, 34, 33, 32, 31, 30, 29, 28, 27, 26, 25, 24, 23, 22, 21, 20, 19, 18, 17, 16, 15, 14, 13, 12, 11, 10, 9, 8, 7, 6, 5, 4, 3, 2]])
(1987.5, 57, [[60, 59, 56, 55, 54, 53, 52, 51, 50, 49, 48, 47, 46, 45, 44, 43, 42, 41, 40, 39, 38, 37, 36, 35, 34, 33, 32, 31, 30, 29, 28, 27, 26, 25, 24, 23, 22, 21, 20, 19, 18, 17, 16, 15, 14, 13, 12, 11, 10, 9, 8, 7, 6, 5, 4, 3, 2]])
(1981.3, 58, [[60, 59, 57, 56, 55, 54, 53, 52, 51, 50, 49, 48, 47, 46, 45, 44, 43, 42, 41, 40, 39, 38, 37, 36, 35, 34, 33, 32, 31, 30, 29, 28, 27, 26, 25, 24, 23, 22, 21, 20, 19, 18, 17, 16, 15, 14, 13, 12, 11, 10, 9, 8, 7, 6, 5, 4, 3, 2]])
(1976.6, 59, [[60, 59, 58, 57, 56, 55, 54, 53, 52, 51, 50, 49, 48, 47, 46, 45, 44, 43, 42, 41, 40, 39, 38, 37, 36, 35, 34, 33, 32, 31, 30, 29, 28, 27, 26, 25, 24, 23, 22, 21, 20, 19, 18, 17, 16, 15, 14, 13, 12, 11, 10, 9, 8, 7, 6, 5, 4, 3, 2]])
(1958.4, 60, [[63, 60, 59, 58, 57, 56, 55, 54, 53, 52, 51, 50, 49, 48, 47, 46, 45, 44, 43, 42, 41, 40, 39, 38, 37, 36, 35, 34, 33, 32, 31, 30, 29, 28, 27, 26, 25, 24, 23, 22, 21, 20, 19, 18, 17, 16, 15, 14, 13, 12, 11, 10, 9, 8, 7, 6, 5, 4, 3, 2]])
(1946.3, 61, [[63, 61, 60, 59, 58, 57, 56, 55, 54, 53, 52, 51, 50, 49, 48, 47, 46, 45, 44, 43, 42, 41, 40, 39, 38, 37, 36, 35, 34, 33, 32, 31, 30, 29, 28, 27, 26, 25, 24, 23, 22, 21, 20, 19, 18, 17, 16, 15, 14, 13, 12, 11, 10, 9, 8, 7, 6, 5, 4, 3, 2]])
(1944.8, 62, [[63, 62, 61, 60, 59, 58, 57, 56, 55, 54, 53, 52, 51, 50, 49, 48, 47, 46, 45, 44, 43, 42, 41, 40, 39, 38, 37, 36, 35, 34, 33, 32, 31, 30, 29, 28, 27, 26, 25, 24, 23, 22, 21, 20, 19, 18, 17, 16, 15, 14, 13, 12, 11, 10, 9, 8, 7, 6, 5, 4, 3, 2]])
(7143.1, 1, [[15]])
(5881.9, 2, [[15, 6]])
(5054.6, 3, [[37, 15, 6]])
(4350.6, 4, [[43, 37, 15, 6]])
(3999.3, 5, [[43, 42, 37, 15, 6]])
(3864.5, 6, [[43, 42, 37, 15, 8, 6], [43, 42, 37, 15, 6, 2]])
(3729.7, 7, [[43, 42, 37, 15, 8, 6, 2]])
(3599.4, 8, [[43, 42, 37, 15, 8, 6, 4, 2]])
(3472.7, 9, [[43, 42, 37, 15, 14, 8, 6, 4, 2]])
(7143.1, 1, [[15]])
(5881.9, 2, [[15, 6]])
(5054.6, 3, [[37, 15, 6]])
(4350.6, 4, [[43, 37, 15, 6]])
(3999.3, 5, [[43, 42, 37, 15, 6]])
(3011.3, 1, [[17]])
(2340.4, 2, [[17, 7]])
(1877.8, 3, [[48, 17, 7]])
(1704.1, 4, [[48, 21, 20, 7]])
(1561.9, 5, [[48, 43, 21, 20, 7]])
(1483.6, 6, [[48, 43, 21, 20, 8, 7]])
(5777.9, 1, [[52]])
(5063.2, 2, [[75, 74]])
(4402.4, 3, [[79, 74, 38]])
(3756.6, 4, [[79, 74, 38, 7]])
(3445.3, 5, [[110, 75, 74, 38, 7]])
(7564.7, 1, [[58]])
(6382.5, 2, [[58, 36]])
(5620.4, 3, [[58, 36, 20]])
(5079.6, 4, [[67, 37, 36, 20]])
(4722.2, 5, [[67, 66, 37, 36, 20]])
(4408.0, 6, [[67, 66, 37, 36, 20, 8]])
(4233.1, 7, [[67, 66, 37, 36, 21, 20, 8]])
(4060.7, 8, [[67, 66, 46, 37, 36, 21, 20, 8]])
(3939.4, 9, [[67, 66, 58, 46, 37, 36, 21, 20, 8]])
(4726.1, 1, [[26]])
(4072.2, 2, [[37, 36]])
(3455.3, 3, [[37, 36, 20]])
(3185.2, 4, [[37, 36, 20, 8]])
(2946.7, 5, [[37, 36, 21, 20, 8]])
(2753.7, 6, [[58, 37, 36, 21, 20, 8]])
(2662.1, 7, [[58, 37, 36, 21, 20, 8, 6]])
(2571.1, 8, [[58, 37, 36, 21, 20, 12, 8, 6]])
(2481.0, 9, [[58, 37, 36, 21, 20, 14, 12, 8, 6], [58, 37, 36, 21, 20, 12, 8, 6, 4]])
(7143.1, 1, [[15]])
(5881.9, 2, [[15, 6]])
(5054.6, 3, [[37, 15, 6]])
(4350.6, 4, [[43, 37, 15, 6]])
(3999.3, 5, [[43, 42, 37, 15, 6]])
(3864.5, 6, [[43, 42, 37, 15, 8, 6], [43, 42, 37, 15, 6, 2]])
(3729.7, 7, [[43, 42, 37, 15, 8, 6, 2]])
(3599.4, 8, [[43, 42, 37, 15, 8, 6, 4, 2]])
(3472.7, 9, [[43, 42, 37, 15, 14, 8, 6, 4, 2]])
(5777.9, 1, [[52]])
(5063.2, 2, [[75, 74]])
(4402.4, 3, [[79, 74, 38]])
(3756.6, 4, [[79, 74, 38, 7]])
(3445.3, 5, [[110, 75, 74, 38, 7]])
(3173.3, 6, [[110, 79, 74, 48, 17, 7]])
(2949.9, 7, [[110, 79, 74, 48, 43, 21, 7]])
(7564.7, 1, [[58]])
(6382.5, 2, [[58, 36]])
(5620.4, 3, [[58, 36, 20]])
(5079.6, 4, [[67, 37, 36, 20]])
(4722.2, 5, [[67, 66, 37, 36, 20]])
(7564.7, 1, [[58]])
(6382.5, 2, [[58, 36]])
